 Atoms   Atom-Neighbour   Distance
  1   2       2.36062
  1   9       2.50472
  1 276       1.90780
  
  2   1       2.36062
  2  35       2.36280
  
  3   9       2.92584
  3  10       2.82475
  3  19       3.05425
  3  32       2.90232
  3  33       2.96055
  3  73       2.48019
  
  4  19       3.10159
  4  73       2.36200
  4 236       2.37144
  
  5  19       3.06579
  5 222       2.34896
  5 236       2.36223
  
  6   7       2.90188
  6  24       3.11221
  6  26       3.02374
  6  27       2.97245
  6  32       2.90623
  6 222       2.51892
  
  7   6       2.90188
  7  19       2.80700
  7  26       3.05885
  7  32       2.90145
  7 264       2.45351
  
  8   9       2.95397
  8  26       3.10984
  8 250       2.38595
  8 264       2.36701
  
  9   1       2.50472
  9   3       2.92584
  9   8       2.95397
  9  10       2.90235
  9  26       2.89618
  9  32       2.85321
  
 10   3       2.82475
 10   9       2.90235
 10  13       3.03147
 10  31       3.01793
 10  32       2.86557
 10  33       3.11774
 10  34       3.03273
 10 117       2.44587
  
 11  31       3.00374
 11  44       2.37536
 11 117       2.37334
  
 12  28       2.34105
 12  44       2.33543
  
 13  10       3.03147
 13  15       3.06620
 13  27       2.94901
 13  31       2.91043
 13  32       2.94388
 13  33       2.97915
  
 14  15       2.36290
 14  86       1.90970
  
 15  13       3.06620
 15  14       2.36290
 15  16       2.36759
  
 16  15       2.36759
 16  17       2.35815
 16  91       1.88040
  
 17  16       2.35815
 17  18       2.37274
 17  20       2.96363
  
 18  17       2.37274
 18  19       2.54315
 18 145       1.90483
  
 19   3       3.05425
 19   4       3.10159
 19   5       3.06579
 19   7       2.80700
 19  18       2.54315
 19  20       2.99836
 19  32       2.86286
 19  33       3.04677
  
 20  17       2.96363
 20  19       2.99836
 20  21       2.50201
 20  27       2.90959
 20  32       2.86445
 20  33       2.82008
  
 21  20       2.50201
 21  22       2.35484
 21 187       1.91471
  
 22  21       2.35484
 22  23       2.32918
 22  27       3.02953
  
 23  22       2.32918
 23  24       2.35663
 23 158       1.89827
  
 24   6       3.11221
 24  23       2.35663
 24  25       2.36159
 24  27       3.07829
  
 25  24       2.36159
 25  26       2.46696
 25 206       1.90493
  
 26   6       3.02374
 26   7       3.05885
 26   8       3.10984
 26   9       2.89618
 26  25       2.46696
 26  31       2.92307
 26  32       2.83001
  
 27   6       2.97245
 27  13       2.94901
 27  20       2.90959
 27  22       3.02953
 27  24       3.07829
 27  28       2.49262
 27  31       3.00149
 27  32       2.82513
  
 28  12       2.34105
 28  27       2.49262
 28 174       1.90335
  
 29  30       2.32908
 29 250       2.33460
  
 30  29       2.32908
 30  31       2.51479
 30  53       1.89512
  
 31  10       3.01793
 31  11       3.00374
 31  13       2.91043
 31  26       2.92307
 31  27       3.00149
 31  30       2.51479
 31  32       2.83815
  
 32   3       2.90232
 32   6       2.90623
 32   7       2.90145
 32   9       2.85321
 32  10       2.86557
 32  13       2.94388
 32  19       2.86286
 32  20       2.86445
 32  26       2.83001
 32  27       2.82513
 32  31       2.83815
 32  33       2.83733
  
 33   3       2.96055
 33  10       3.11774
 33  13       2.97915
 33  19       3.04677
 33  20       2.82008
 33  32       2.83733
 33 103       2.46047
  
 34  10       3.03273
 34  35       2.36271
 34 103       2.35156
  
 35   2       2.36280
 35  34       2.36271
 35 138       1.88912
  
 36  38       1.50180
 36 282       1.10287
 36 283       1.09878
 36 284       1.09667
  
 37  38       1.21671
  
 38  36       1.50180
 38  37       1.21671
 38  39       1.38316
  
 39  38       1.38316
 39  41       1.45749
 39  46       1.03026
  
 40  42       1.33881
 40 285       1.02443
  
 41  39       1.45749
 41  42       1.53083
 41  43       1.53879
 41  47       1.13779
  
 42  40       1.33881
 42  41       1.53083
 42  45       1.20638
  
 43  41       1.53879
 43  44       1.89322
 43  48       1.10063
 43  49       1.11380
  
 44  11       2.37536
 44  12       2.33543
 44  43       1.89322
  
 45  42       1.20638
  
 46  39       1.03026
  
 47  41       1.13779
  
 48  43       1.10063
  
 49  43       1.11380
  
 50  52       1.20328
  
 51  52       1.34518
 51 345       0.99231
  
 52  50       1.20328
 52  51       1.34518
 52  55       1.53457
  
 53  30       1.89512
 53  54       1.10875
 53  55       1.53299
 53  56       1.10399
  
 54  53       1.10875
  
 55  52       1.53457
 55  53       1.53299
 55  57       1.45547
 55  58       1.13634
  
 56  53       1.10399
  
 57  55       1.45547
 57  59       1.03343
 57  61       1.36959
  
 58  55       1.13634
  
 59  57       1.03343
  
 60  61       1.50780
 60 342       1.10297
 60 343       1.10152
 60 344       1.09574
  
 61  57       1.36959
 61  60       1.50780
 61  62       1.22314
  
 62  61       1.22314
  
 63  65       1.21641
  
 64  68       1.01948
  
 65  63       1.21641
 65  67       1.49876
 65  68       1.38540
  
 66  70       1.10493
  
 67  65       1.49876
 67 294       1.10396
 67 295       1.09911
 67 296       1.09855
  
 68  64       1.01948
 68  65       1.38540
 68  71       1.46337
  
 69  71       1.13641
  
 70  66       1.10493
 70  71       1.52855
 70  72       1.11015
 70  73       1.88911
  
 71  68       1.46337
 71  69       1.13641
 71  70       1.52855
 71  74       1.53265
  
 72  70       1.11015
  
 73   3       2.48019
 73   4       2.36200
 73  70       1.88911
  
 74  71       1.53265
 74  75       1.33975
 74  76       1.20431
  
 75  74       1.33975
 75 297       1.00681
  
 76  74       1.20431
  
 77  78       1.35742
 77 341       1.00054
  
 78  77       1.35742
 78  79       1.19959
 78  81       1.53258
  
 79  78       1.19959
  
 80  81       1.14072
  
 81  78       1.53258
 81  80       1.14072
 81  86       1.53569
 81  87       1.45452
  
 82  84       1.21681
  
 83  86       1.10239
  
 84  82       1.21681
 84  85       1.48815
 84  87       1.39981
  
 85  84       1.48815
 85 338       1.09993
 85 339       1.10342
 85 340       1.10329
  
 86  14       1.90970
 86  81       1.53569
 86  83       1.10239
 86  88       1.10610
  
 87  81       1.45452
 87  84       1.39981
 87  89       1.01590
  
 88  86       1.10610
  
 89  87       1.01590
  
 90  96       1.20549
  
 91  16       1.88040
 91  94       1.11089
 91  97       1.54537
 91  98       1.10269
  
 92  93       1.01456
 92  97       1.45655
 92  99       1.39419
  
 93  92       1.01456
  
 94  91       1.11089
  
 95  99       1.49757
 95 322       1.10538
 95 323       1.10895
 95 324       1.09292
  
 96  90       1.20549
 96  97       1.52737
 96 100       1.35050
  
 97  91       1.54537
 97  92       1.45655
 97  96       1.52737
 97 101       1.13286
  
 98  91       1.10269
  
 99  92       1.39419
 99  95       1.49757
 99 102       1.21652
  
100  96       1.35050
100 325       0.99404
  
101  97       1.13286
  
102  99       1.21652
  
103  33       2.46047
103  34       2.35156
103 105       1.90133
  
104 105       1.10054
  
105 103       1.90133
105 104       1.10054
105 106       1.10771
105 110       1.54185
  
106 105       1.10771
  
107 108       1.35344
107 321       0.99772
  
108 107       1.35344
108 109       1.21278
108 110       1.51928
  
109 108       1.21278
  
110 105       1.54185
110 108       1.51928
110 111       1.13906
110 112       1.46394
  
111 110       1.13906
  
112 110       1.46394
112 113       1.02524
112 114       1.39125
  
113 112       1.02524
  
114 112       1.39125
114 115       1.21524
114 116       1.49583
  
115 114       1.21524
  
116 114       1.49583
116 318       1.10792
116 319       1.09721
116 320       1.09812
  
117  10       2.44587
117  11       2.37334
117 119       1.91100
  
118 119       1.10792
  
119 117       1.91100
119 118       1.10792
119 120       1.10012
119 122       1.53240
  
120 119       1.10012
  
121 123       1.02903
  
122 119       1.53240
122 123       1.45237
122 125       1.53032
122 126       1.14226
  
123 121       1.02903
123 122       1.45237
123 128       1.38392
  
124 125       1.20103
  
125 122       1.53032
125 124       1.20103
125 127       1.36327
  
126 122       1.14226
  
127 125       1.36327
127 310       0.99319
  
128 123       1.38392
128 129       1.21707
128 130       1.49723
  
129 128       1.21707
  
130 128       1.49723
130 311       1.10552
130 312       1.09760
130 313       1.09978
  
131 134       1.50080
131 306       1.10270
131 307       1.10792
131 308       1.09517
  
132 133       1.04089
  
133 132       1.04089
133 134       1.37617
133 137       1.48373
  
134 131       1.50080
134 133       1.37617
134 136       1.22509
  
135 140       1.21523
  
136 134       1.22509
  
137 133       1.48373
137 138       1.53207
137 140       1.53834
137 141       1.12484
  
138  35       1.88912
138 137       1.53207
138 139       1.10367
138 142       1.11343
  
139 138       1.10367
  
140 135       1.21523
140 137       1.53834
140 143       1.32723
  
141 137       1.12484
  
142 138       1.11343
  
143 140       1.32723
143 309       1.02121
  
144 145       1.10585
  
145  18       1.90483
145 144       1.10585
145 146       1.10471
145 149       1.53221
  
146 145       1.10471
  
147 148       1.01410
  
148 147       1.01410
148 149       1.46014
148 151       1.38041
  
149 145       1.53221
149 148       1.46014
149 150       1.14000
149 152       1.54035
  
150 149       1.14000
  
151 148       1.38041
151 153       1.22428
151 155       1.49132
  
152 149       1.54035
152 154       1.20328
152 156       1.34533
  
153 151       1.22428
  
154 152       1.20328
  
155 151       1.49132
155 314       1.09973
155 315       1.10937
155 316       1.09636
  
156 152       1.34533
156 317       1.00971
  
157 158       1.09796
  
158  23       1.89827
158 157       1.09796
158 159       1.10578
158 162       1.53451
  
159 158       1.10578
  
160 161       1.04572
  
161 160       1.04572
161 162       1.46798
161 164       1.41793
  
162 158       1.53451
162 161       1.46798
162 163       1.13308
162 165       1.53497
  
163 162       1.13308
  
164 161       1.41793
164 166       1.20874
164 168       1.49285
  
165 162       1.53497
165 167       1.19953
165 169       1.34657
  
166 164       1.20874
  
167 165       1.19953
  
168 164       1.49285
168 287       1.10130
168 288       1.09858
168 289       1.10769
  
169 165       1.34657
169 286       1.00708
  
170 172       1.20452
  
171 172       1.35119
171 346       0.99471
  
172 170       1.20452
172 171       1.35119
172 175       1.52099
  
173 174       1.10062
  
174  28       1.90335
174 173       1.10062
174 175       1.54075
174 176       1.11300
  
175 172       1.52099
175 174       1.54075
175 177       1.45695
175 178       1.14013
  
176 174       1.11300
  
177 175       1.45695
177 179       1.03030
177 180       1.39362
  
178 175       1.14013
  
179 177       1.03030
  
180 177       1.39362
180 181       1.49562
180 182       1.21651
  
181 180       1.49562
181 347       1.09713
181 348       1.10527
181 349       1.10128
  
182 180       1.21651
  
183 185       1.20500
  
184 185       1.33965
184 301       1.00854
  
185 183       1.20500
185 184       1.33965
185 188       1.53040
  
186 187       1.10675
  
187  21       1.91471
187 186       1.10675
187 188       1.53205
187 189       1.10442
  
188 185       1.53040
188 187       1.53205
188 190       1.46611
188 191       1.13289
  
189 187       1.10442
  
190 188       1.46611
190 192       1.01819
190 193       1.38050
  
191 188       1.13289
  
192 190       1.01819
  
193 190       1.38050
193 194       1.49007
193 195       1.22543
  
194 193       1.49007
194 298       1.09813
194 299       1.10521
194 300       1.10920
  
195 193       1.22543
  
196 198       1.21873
  
197 198       1.49490
197 334       1.09722
197 335       1.10798
197 336       1.09686
  
198 196       1.21873
198 197       1.49490
198 203       1.38227
  
199 201       1.36254
199 337       1.03061
  
200 202       1.13522
  
201 199       1.36254
201 202       1.53159
201 204       1.20287
  
202 200       1.13522
202 201       1.53159
202 203       1.45906
202 206       1.53047
  
203 198       1.38227
203 202       1.45906
203 205       1.02368
  
204 201       1.20287
  
205 203       1.02368
  
206  25       1.90493
206 202       1.53047
206 207       1.10267
206 208       1.10724
  
207 206       1.10267
  
208 206       1.10724
  
209 211       1.21728
  
210 211       1.49478
210 326       1.09631
210 327       1.10531
210 328       1.10436
  
211 209       1.21728
211 210       1.49478
211 216       1.38811
  
212 214       1.34243
212 329       1.00461
  
213 215       1.14201
  
214 212       1.34243
214 215       1.52436
214 217       1.20408
  
215 213       1.14201
215 214       1.52436
215 216       1.46433
215 219       1.52871
  
216 211       1.38811
216 215       1.46433
216 218       1.01437
  
217 214       1.20408
  
218 216       1.01437
  
219 215       1.52871
219 220       1.10786
219 221       1.10715
219 222       1.90502
  
220 219       1.10786
  
221 219       1.10715
  
222   5       2.34896
222   6       2.51892
222 219       1.90502
  
223 225       1.21449
  
224 225       1.49502
224 279       1.10103
224 280       1.11025
224 281       1.09468
  
225 223       1.21449
225 224       1.49502
225 230       1.38890
  
226 228       1.35065
226 278       0.98793
  
227 229       1.13124
  
228 226       1.35065
228 229       1.53998
228 231       1.20018
  
229 227       1.13124
229 228       1.53998
229 230       1.45379
229 233       1.53515
  
230 225       1.38890
230 229       1.45379
230 232       1.00897
  
231 228       1.20018
  
232 230       1.00897
  
233 229       1.53515
233 234       1.10341
233 235       1.10590
233 236       1.89349
  
234 233       1.10341
  
235 233       1.10590
  
236   4       2.37144
236   5       2.36223
236 233       1.89349
  
237 238       1.22212
  
238 237       1.22212
238 240       1.49287
238 243       1.38299
  
239 241       1.13649
  
240 238       1.49287
240 330       1.10428
240 331       1.09593
240 332       1.10477
  
241 239       1.13649
241 243       1.45658
241 246       1.53624
241 247       1.52264
  
242 246       1.35200
242 333       1.00255
  
243 238       1.38299
243 241       1.45658
243 244       1.02625
  
244 243       1.02625
  
245 247       1.11517
  
246 241       1.53624
246 242       1.35200
246 249       1.20058
  
247 241       1.52264
247 245       1.11517
247 248       1.10430
247 250       1.89483
  
248 247       1.10430
  
249 246       1.20058
  
250   8       2.38595
250  29       2.33460
250 247       1.89483
  
251 253       1.21319
  
252 253       1.49657
252 290       1.10550
252 291       1.10242
252 292       1.09842
  
253 251       1.21319
253 252       1.49657
253 256       1.39208
  
254 257       1.34388
254 293       0.99875
  
255 258       1.13798
  
256 253       1.39208
256 258       1.44771
256 260       1.03388
  
257 254       1.34388
257 258       1.53347
257 259       1.21792
  
258 255       1.13798
258 256       1.44771
258 257       1.53347
258 261       1.53195
  
259 257       1.21792
  
260 256       1.03388
  
261 258       1.53195
261 262       1.10344
261 263       1.10494
261 264       1.90268
  
262 261       1.10344
  
263 261       1.10494
  
264   7       2.45351
264   8       2.36701
264 261       1.90268
  
265 267       1.21356
  
266 269       1.13825
  
267 265       1.21356
267 270       1.50334
267 271       1.38748
  
268 273       1.35729
268 305       1.00354
  
269 266       1.13825
269 271       1.45884
269 273       1.53013
269 276       1.53327
  
270 267       1.50334
270 302       1.09725
270 303       1.09897
270 304       1.10096
  
271 267       1.38748
271 269       1.45884
271 275       1.01668
  
272 276       1.10657
  
273 268       1.35729
273 269       1.53013
273 277       1.20028
  
274 276       1.10293
  
275 271       1.01668
  
276   1       1.90780
276 269       1.53327
276 272       1.10657
276 274       1.10293
  
277 273       1.20028
  
278 226       0.98793
  
279 224       1.10103
  
280 224       1.11025
  
281 224       1.09468
  
282  36       1.10287
  
283  36       1.09878
  
284  36       1.09667
  
285  40       1.02443
  
286 169       1.00708
  
287 168       1.10130
  
288 168       1.09858
  
289 168       1.10769
  
290 252       1.10550
  
291 252       1.10242
  
292 252       1.09842
  
293 254       0.99875
  
294  67       1.10396
  
295  67       1.09911
  
296  67       1.09855
  
297  75       1.00681
  
298 194       1.09813
  
299 194       1.10521
  
300 194       1.10920
  
301 184       1.00854
  
302 270       1.09725
  
303 270       1.09897
  
304 270       1.10096
  
305 268       1.00354
  
306 131       1.10270
  
307 131       1.10792
  
308 131       1.09517
  
309 143       1.02121
  
310 127       0.99319
  
311 130       1.10552
  
312 130       1.09760
  
313 130       1.09978
  
314 155       1.09973
  
315 155       1.10937
  
316 155       1.09636
  
317 156       1.00971
  
318 116       1.10792
  
319 116       1.09721
  
320 116       1.09812
  
321 107       0.99772
  
322  95       1.10538
  
323  95       1.10895
  
324  95       1.09292
  
325 100       0.99404
  
326 210       1.09631
  
327 210       1.10531
  
328 210       1.10436
  
329 212       1.00461
  
330 240       1.10428
  
331 240       1.09593
  
332 240       1.10477
  
333 242       1.00255
  
334 197       1.09722
  
335 197       1.10798
  
336 197       1.09686
  
337 199       1.03061
  
338  85       1.09993
  
339  85       1.10342
  
340  85       1.10329
  
341  77       1.00054
  
342  60       1.10297
  
343  60       1.10152
  
344  60       1.09574
  
345  51       0.99231
  
346 171       0.99471
  
347 181       1.09713
  
348 181       1.10527
  
349 181       1.10128
  
